Rk,Team,G,MP,FG,FGA,FG%,3P,3PA,3P%,2P,2PA,2P%,FT,FTA,FT%,ORB,DRB,TRB,AST,STL,BLK,TOV,PF,PTS
1,Golden State Warriors*,82,19730,42.9,85.3,.503,11.3,28.9,.391,31.5,56.3,.560,16.6,20.4,.815,8.4,35.1,43.6,29.3,8.0,7.5,15.5,19.6,113.6
2,Houston Rockets*,82,19755,39.5,86.0,.460,15.6,43.2,.362,23.9,42.8,.558,20.0,25.7,.781,9.2,35.2,44.4,22.0,8.7,4.9,14.1,19.9,114.7
3,New Orleans Pelicans*,82,19955,41.9,86.6,.483,10.0,27.7,.362,31.9,59.0,.540,15.8,20.5,.772,8.5,35.0,43.5,26.3,7.9,5.8,14.6,18.8,109.6
4,Toronto Raptors*,82,19830,42.0,89.1,.472,12.0,33.6,.358,30.0,55.5,.541,17.7,22.2,.794,9.9,34.9,44.8,24.8,7.8,6.2,13.6,22.2,113.8
5,Cleveland Cavaliers*,82,19730,41.1,86.3,.476,12.2,32.7,.372,28.9,53.6,.540,18.5,23.7,.779,8.6,34.3,42.9,23.8,7.2,3.9,14.0,18.9,112.9
6,Denver Nuggets,82,19880,41.6,88.5,.470,11.7,31.6,.371,29.9,56.9,.525,17.5,22.9,.766,11.2,34.3,45.5,25.7,7.8,5.0,15.3,19.1,112.5
7,Philadelphia 76ers*,82,19780,40.7,86.3,.472,11.0,29.7,.369,29.8,56.6,.526,17.1,22.7,.752,10.9,36.4,47.3,27.0,8.3,5.1,16.4,22.0,109.5
8,Minnesota Timberwolves*,82,19805,42.5,89.2,.476,8.3,23.3,.357,34.2,65.9,.519,20.1,25.0,.804,10.7,32.7,43.4,23.5,8.7,4.3,12.9,18.9,113.4
9,Los Angeles Clippers,82,19705,40.7,86.4,.471,9.6,27.1,.354,31.2,59.3,.525,19.2,25.8,.743,10.3,34.1,44.4,22.6,7.7,4.6,14.9,20.2,110.3
10,Charlotte Hornets,82,19780,39.4,87.6,.450,10.2,27.5,.369,29.3,60.1,.487,20.4,27.3,.747,10.2,35.8,45.9,21.8,6.9,4.6,12.8,17.4,109.4
11,Los Angeles Lakers,82,19905,40.1,87.1,.461,9.9,28.6,.345,30.2,58.4,.517,16.4,23.0,.714,10.5,35.2,45.7,23.4,7.6,4.7,15.6,20.9,106.5
12,Oklahoma City Thunder*,82,19830,40.9,90.3,.453,11.0,31.2,.354,29.9,59.2,.505,17.8,24.9,.715,12.8,33.4,46.2,21.9,9.3,5.2,14.4,20.7,110.7
13,Washington Wizards*,82,19855,41.0,87.8,.467,10.2,27.2,.375,30.8,60.6,.508,17.2,22.3,.772,10.3,33.9,44.2,25.8,8.1,4.4,15.0,21.8,109.3
14,Brooklyn Nets,82,19855,38.3,87.0,.441,12.7,35.8,.356,25.6,51.2,.500,17.5,22.6,.772,9.7,34.9,44.5,23.7,6.3,4.8,15.2,20.6,106.9
15,Milwaukee Bucks*,82,19830,41.0,85.6,.478,9.0,25.4,.355,31.9,60.1,.531,18.8,24.1,.782,8.7,32.4,41.1,24.0,9.1,5.6,14.3,22.0,109.8
16,Portland Trail Blazers*,82,19755,40.6,89.8,.452,10.6,29.1,.366,29.9,60.7,.493,17.3,21.6,.800,10.5,36.4,46.9,20.1,7.2,5.3,14.0,20.1,109.1
17,Indiana Pacers*,82,19755,42.3,89.6,.472,9.4,25.4,.369,32.9,64.2,.513,15.5,19.9,.779,10.0,34.0,43.9,23.0,9.1,4.3,13.8,19.5,109.5
18,New York Knicks,82,19830,41.7,89.9,.463,8.4,23.9,.352,33.3,66.0,.504,15.3,19.5,.787,10.7,34.4,45.1,23.9,6.9,5.3,15.1,21.0,107.1
19,Utah Jazz*,82,19755,39.8,86.3,.462,11.3,30.8,.366,28.6,55.5,.515,17.5,22.4,.779,9.4,35.6,45.0,23.3,9.0,5.3,15.3,20.4,108.4
20,Boston Celtics*,82,19805,39.6,88.0,.450,11.8,31.4,.377,27.8,56.6,.491,16.5,21.4,.771,9.7,36.3,46.0,23.2,7.6,4.7,14.5,20.4,107.6
21,Phoenix Suns,82,19705,38.3,86.7,.442,9.3,27.8,.334,29.0,59.0,.492,17.6,23.8,.740,10.2,33.7,43.9,21.2,6.9,4.5,15.7,21.9,103.5
22,Detroit Pistons,82,19805,40.4,89.8,.450,11.2,29.9,.373,29.2,59.9,.488,15.2,20.4,.745,10.5,34.7,45.2,23.5,7.9,4.0,13.9,19.0,107.2
23,Miami Heat*,82,19930,40.1,88.1,.455,11.4,31.6,.360,28.7,56.6,.508,15.2,20.2,.755,9.6,35.3,44.9,23.5,7.8,5.5,14.8,20.8,106.8
24,Orlando Magic,82,19730,39.5,87.4,.452,10.5,29.8,.351,29.0,57.5,.504,15.8,20.8,.757,9.0,33.4,42.4,23.8,7.7,5.0,14.8,19.6,105.2
25,Atlanta Hawks,82,19705,38.8,86.9,.446,11.4,31.5,.360,27.4,55.4,.495,16.1,20.5,.785,9.2,33.4,42.6,24.1,7.9,4.3,15.8,19.9,105.0
26,Chicago Bulls,82,19855,39.0,89.6,.435,11.1,31.3,.355,27.8,58.2,.478,14.7,19.4,.758,9.7,35.3,45.0,23.6,7.7,3.6,14.1,19.3,103.7
27,San Antonio Spurs*,82,19730,41.0,89.6,.457,8.9,25.3,.352,32.1,64.3,.499,17.0,22.0,.772,10.9,35.6,46.4,23.9,8.0,5.9,13.8,18.0,107.9
28,Dallas Mavericks,82,19805,39.6,89.2,.444,12.3,34.1,.360,27.4,55.2,.496,14.8,19.4,.763,8.4,34.4,42.9,23.5,7.3,3.9,12.8,20.0,106.3
29,Memphis Grizzlies,82,19705,38.7,87.1,.444,9.7,27.6,.352,28.9,59.5,.486,17.5,22.2,.786,10.0,32.6,42.6,22.7,7.9,5.1,15.7,24.4,104.5
30,Sacramento Kings,82,19755,40.7,90.4,.450,9.4,25.2,.375,31.2,65.2,.479,12.9,17.5,.735,9.9,33.0,42.9,22.6,8.2,4.4,14.4,21.0,103.7